48



48

48



48

0



1

2349889

c

6488178

1



1266493944

2350793


Π7W
2352740

0
hζ#
c

3145776

79


Q
1266465736

0



16777303

5726992



1267509880

72



1266493944

0


ξ#
2354448

928



1073741888

0


€ρ#
2

8



2356160

0



9

0



104

145



1

4

ύ

5703464

2357248


DG}Kύ
1409286228

2358256


 6
1409286228

-41


+
1266493944

2358704


ύτXJύ
2358368

